N     | Time(ns) | size  | capacity
-----------------------------------
256   | 2034     | 257   | 512
512   | 3506     | 513   | 1024
1024  | 6697     | 1025  | 2048
2048  | 12910    | 2049  | 4096
4096  | 25295    | 4097  | 8192
8192  | 50189    | 8193  | 16384
16384 | 100404   | 16385 | 32768
32768 | 200531   | 32769 | 65536
один из выводов

кооректный итог

N     | Time(ns) | size   | capacity
-----------------------------------
256   | 160      | 256    | 257
512   | 177      | 512    | 513
1024  | 224      | 1024   | 1025
2048  | 294      | 2048   | 2049
4096  | 437      | 4096   | 4097
8192  | 736      | 8192   | 8193
16384 | 1368     | 16384  | 16385
32768 | 2740     | 32768  | 32769