N     | Time(ns) | size  | capacity
-----------------------------------
256   | 2058     | 257   | 512
512   | 3609     | 513   | 1024
1024  | 6732     | 1025  | 2048
2048  | 12826    | 2049  | 4096
4096  | 25086    | 4097  | 8192
8192  | 50779    | 8193  | 16384
16384 | 99713    | 16385 | 32768
32768 | 201443   | 32769 | 65536
один из выводов

корректный итог
N     | Time(ns) | size   | capacity
-----------------------------------
256   | 183      | 256    | 257
512   | 202      | 512    | 513
1024  | 247      | 1024   | 1025
2048  | 316      | 2048   | 2049
4096  | 462      | 4096   | 4097
8192  | 770      | 8192   | 8193
16384 | 1415     | 16384  | 16385
32768 | 2748     | 32768  | 32769