N     | Time(ns) | size  | capacity
-----------------------------------
256   | 1967     | 257   | 512
512   | 3567     | 513   | 1024
1024  | 6664     | 1025  | 2048
2048  | 12798    | 2049  | 4096
4096  | 25219    | 4097  | 8192
8192  | 50492    | 8193  | 16384
16384 | 100050   | 16385 | 32768
32768 | 202001   | 32769 | 65536
один из выводов

кооректный итог
N     | Time(ns) | size   | capacity
-----------------------------------
256   | 18.5     | 256    | 257
512   | 18.0     | 512    | 513
1024  | 18.9     | 1024   | 1025
2048  | 18.6     | 2048   | 2049
4096  | 17.8     | 4096   | 4097
8192  | 19.0     | 8192   | 8193
16384 | 18.9     | 16384  | 16385
32768 | 18.9     | 32768  | 32769