N     | Time(ns) | size  | capacity
-----------------------------------
256   | 1914     | 256   | 256
512   | 3441     | 512   | 512
1024  | 6534     | 1024  | 1024
2048  | 12587    | 2048  | 2048
4096  | 24648    | 4096  | 4096
8192  | 49267    | 8192  | 8192
16384 | 101239   | 16384 | 16384
32768 | 195556   | 32768 | 32768
один из выводов

кооректный итог
N     | Time(ns) | size   | capacity
-----------------------------------
256   | 3.99     | 256    | 256
512   | 4.00     | 512    | 512
1024  | 3.97     | 1024   | 1024
2048  | 3.97     | 2048   | 2048
4096  | 4.18     | 4096   | 4096
8192  | 4.12     | 8192   | 8192
16384 | 4.08     | 16384  | 16384
32768 | 4.19     | 32768  | 32768