N     | Time(ns) | size  | capacity
-----------------------------------
256   | 2068     | 255   | 256
512   | 3592     | 511   | 512
1024  | 6732     | 1023  | 1024
2048  | 12857    | 2047  | 2048
4096  | 25041    | 4095  | 4096
8192  | 50907    | 8191  | 8192
16384 | 97979    | 16383 | 16384
32768 | 197667   | 32767 | 32768
один из выводов

кооректный итог
 N     | Time(ns) | size   | capacity
 -----------------------------------
 256   | 184      | 256    | 256
 512   | 204      | 512    | 512
 1024  | 246      | 1024   | 1024
 2048  | 316      | 2048   | 2048
 4096  | 460      | 4096   | 4096
 8192  | 766      | 8192   | 8192
 16384 | 1411     | 16384  | 16384
 32768 | 2703     | 32768  | 32768